3.033911283847993967e-04
1.836565944149797791e-01
5.812086208373256069e-01
3.612978119461053073e+00
-5.808347562560838284e-01
-1.085823397796743112e-02
-8.350580729776968478e-15
-3.778288201514029836e-04
1.055737491007942896e+00
9.900397182917450815e-15
1.820528199405243479e-03
1.083325612956879347e+00
6.852022696115644927e-14
1.029601319281611138e+00
-3.112756603806500433e+00
4.109224751097091677e-02
1.743503181986502994e-14
1.429944888600160518e-03
2.631683727952639273e+00
-5.245048895772799247e-14
4.491930712943794160e-03
2.734281562115799868e+00
-1.124825998809981264e-13
2.567192938941681213e+00
-6.189476927911240267e+00
1.686955023718057778e-01
-2.704234098053079824e-14
5.866472562497042180e-03
2.844148686026641393e+00
1.599603924572014523e-13
1.307493088895688924e-02
3.046923340267175817e+00
-9.935263588496886396e-14
2.656496749906506860e+00
-4.793717561704768038e+00
-1.301588539840477510e-01
1.589343711849192700e-14
-4.527256607299238143e-03
9.397773378451064197e-01
-1.972448293520051429e-13
1.174952230866318625e-03
9.182762235786610105e-01
1.908094276142841999e-13
9.228935489262941605e-01
-1.362116826229604546e-02
1.378231645627225332e-01
-2.614866857589315807e-01
2.479853881770308910e-01
7.681635122714632058e-02
4.252780881564955962e-15
1.211424744034686890e-01
1.746944642725235530e-01
5.423249346432080139e-14
1.560853875492455578e-01
1.291447207100841210e-01
-6.667268524148404060e-14
2.320803782580554420e-01
-1.362121551799317341e-02
1.378235200951149486e-01
-2.614890579539410620e-01
2.479880221807895802e-01
8.505048077664729977e-02
-8.840685024736560491e-15
-1.155129778702558979e-01
1.857928377718205959e-01
7.764009906861881867e-14
-1.625375022451283624e-01
1.291442941025481295e-01
-6.925500266225399664e-14
2.209840380113431701e-01
